0 0 0 0 0 0
1 1 128 174 128 255
2 2 241 214 145 255
3 3 177 122 101 255
4 4 111 184 210 255
5 5 216 101 79 255
6 6 221 130 101 255
7 7 144 238 144 255
8 8 192 104 88 255
9 9 220 245 20 255
10 10 78 63 0 255
11 11 255 250 220 255
12 12 100 100 130 255
13 13 200 200 235 255
14 14 250 250 210 255
15 15 244 214 49 255
16 16 0 151 206 255
17 17 216 101 79 255
18 18 183 156 220 255
19 19 183 214 211 255
20 20 152 189 207 255
21 21 111 184 210 255
22 22 178 212 242 255
23 23 68 172 100 255
24 24 111 197 131 255
25 25 85 188 255 255
26 26 0 145 30 255
27 27 214 230 130 255
28 28 78 63 0 255
29 29 218 255 255 255
30 30 170 250 250 255
31 31 140 224 228 255
32 32 188 65 28 255